Normal: [15588.674067497253, 1348863744.0]
Minimum: 1507.0532774925232
Weighted Average: [16852.646367549896, 16506.790001153946, 18660.886339187622]
Average: 55
Weighted Average 2: 98.21018886566162
